2007
	  202.416 	  203.499 	  205.352 	  206.686 	  207.949 	  208.352 	  	  	  	  	  	  	 
2006
	  198.3 	  198.7 	  199.8 	  201.5 	  202.5 	  202.9 	  203.5 	  203.9 	  202.9 	  201.8 	  201.5 	  201.8 	  201.60
2005
	  190.7 	  191.8 	  193.3 	  194.6 	  194.4 	  194.5 	  195.4 	  196.4 	  198.8 	  199.2 	  197.6 	  196.8 	  195.30
2004
	  185.2 	  186.2 	  187.4 	  188 	  189.1 	  189.7 	  189.4 	  189.5 	  189.9 	  190.9 	  191 	  190.3 	  188.90
2003
	  181.7 	  183.1 	  184.2 	  183.8 	  183.5 	  183.7 	  183.9 	  184.6 	  185.2 	  185 	  184.5 	  184.3 	  183.96
2002
	  177.1 	  177.8 	  178.8 	  179.8 	  179.8 	  179.9 	  180.1 	  180.7 	  181 	  181.3 	  181.3 	  180.9 	  179.88
2001
	  175.1 	  175.8 	  176.2 	  176.9 	  177.7 	  178 	  177.5 	  177.5 	  178.3 	  177.7 	  177.4 	  176.7 	  177.10
2000
	  168.8 	  169.8 	  171.2 	  171.3 	  171.5 	  172.4 	  172.8 	  172.8 	  173.7 	  174 	  174.1 	  174 	  172.20
1999
	  164.3 	  164.5 	  165 	  166.2 	  166.2 	  166.2 	  166.7 	  167.1 	  167.9 	  168.2 	  168.3 	  168.3 	  166.60
1998
	  161.6 	  161.9 	  162.2 	  162.5 	  162.8 	  163 	  163.2 	  163.4 	  163.6 	  164 	  164 	  163.9 	  163.00
1997
	  159.1 	  159.6 	  160 	  160.2 	  160.1 	  160.3 	  160.5 	  160.8 	  161.2 	  161.6 	  161.5 	  161.3 	  160.50
1996
	  154.4 	  154.9 	  155.7 	  156.3 	  156.6 	  156.7 	  157 	  157.3 	  157.8 	  158.3 	  158.6 	  158.6 	  156.90
1995
	  150.3 	  150.9 	  151.4 	  151.9 	  152.2 	  152.5 	  152.5 	  152.9 	  153.2 	  153.7 	  153.6 	  153.5 	  152.40
1994
	  146.2 	  146.7 	  147.2 	  147.4 	  147.5 	  148 	  148.4 	  149 	  149.4 	  149.5 	  149.7 	  149.7 	  148.20
1993
	  142.6 	  143.1 	  143.6 	  144 	  144.2 	  144.4 	  144.4 	  144.8 	  145.1 	  145.7 	  145.8 	  145.8 	  144.50
1992
	  138.1 	  138.6 	  139.3 	  139.5 	  139.7 	  140.2 	  140.5 	  140.9 	  141.3 	  141.8 	  142 	  141.9 	  140.30
1991
	  134.6 	  134.8 	  135 	  135.2 	  135.6 	  136 	  136.2 	  136.6 	  137.2 	  137.4 	  137.8 	  137.9 	  136.20
1990
	  127.4 	  128 	  128.7 	  128.9 	  129.2 	  129.9 	  130.4 	  131.6 	  132.7 	  133.5 	  133.8 	  133.8 	  130.70
1989
	  121.1 	  121.6 	  122.3 	  123.1 	  123.8 	  124.1 	  124.4 	  124.6 	  125 	  125.6 	  125.9 	  126.1 	  124.00
1988
	  115.7 	  116 	  116.5 	  117.1 	  117.5 	  118 	  118.5 	  119 	  119.8 	  120.2 	  120.3 	  120.5 	  118.30
1987
	  111.2 	  111.6 	  112.1 	  112.7 	  113.1 	  113.5 	  113.8 	  114.4 	  115 	  115.3 	  115.4 	  115.4 	  113.60
1986
	  109.6 	  109.3 	  108.8 	  108.6 	  108.9 	  109.5 	  109.5 	  109.7 	  110.2 	  110.3 	  110.4 	  110.5 	  109.60
1985
	  105.5 	  106 	  106.4 	  106.9 	  107.3 	  107.6 	  107.8 	  108 	  108.3 	  108.7 	  109 	  109.3 	  107.60
1984
	  101.9 	  102.4 	  102.6 	  103.1 	  103.4 	  103.7 	  104.1 	  104.5 	  105 	  105.3 	  105.3 	  105.3 	  103.90
1983
	  97.8 	  97.9 	  97.9 	  98.6 	  99.2 	  99.5 	  99.9 	  100.2 	  100.7 	  101 	  101.2 	  101.3 	  99.60
1982
	  94.3 	  94.6 	  94.5 	  94.9 	  95.8 	  97 	  97.5 	  97.7 	  97.9 	  98.2 	  98 	  97.6 	  96.50
1981
	  87 	  87.9 	  88.5 	  89.1 	  89.8 	  90.6 	  91.6 	  92.3 	  93.2 	  93.4 	  93.7 	  94 	  90.90
1980
	  77.8 	  78.9 	  80.1 	  81 	  81.8 	  82.7 	  82.7 	  83.3 	  84 	  84.8 	  85.5 	  86.3 	  82.40
1979
	  68.3 	  69.1 	  69.8 	  70.6 	  71.5 	  72.3 	  73.1 	  73.8 	  74.6 	  75.2 	  75.9 	  76.7 	  72.60
1978
	  62.5 	  62.9 	  63.4 	  63.9 	  64.5 	  65.2 	  65.7 	  66 	  66.5 	  67.1 	  67.4 	  67.7 	  65.20
1977
	  58.5 	  59.1 	  59.5 	  60 	  60.3 	  60.7 	  61 	  61.2 	  61.4 	  61.6 	  61.9 	  62.1 	  60.60
1976
	  55.6 	  55.8 	  55.9 	  56.1 	  56.5 	  56.8 	  57.1 	  57.4 	  57.6 	  57.9 	  58 	  58.2 	  56.90
1975
	  52.1 	  52.5 	  52.7 	  52.9 	  53.2 	  53.6 	  54.2 	  54.3 	  54.6 	  54.9 	  55.3 	  55.5 	  53.80
1974
	  46.6 	  47.2 	  47.8 	  48 	  48.6 	  49 	  49.4 	  50 	  50.6 	  51.1 	  51.5 	  51.9 	  49.30
1973
	  42.6 	  42.9 	  43.3 	  43.6 	  43.9 	  44.2 	  44.3 	  45.1 	  45.2 	  45.6 	  45.9 	  46.2 	  44.40
1972
	  41.1 	  41.3 	  41.4 	  41.5 	  41.6 	  41.7 	  41.9 	  42 	  42.1 	  42.3 	  42.4 	  42.5 	  41.80
1971
	  39.8 	  39.9 	  40 	  40.1 	  40.3 	  40.6 	  40.7 	  40.8 	  40.8 	  40.9 	  40.9 	  41.1 	  40.50
1970
	  37.8 	  38 	  38.2 	  38.5 	  38.6 	  38.8 	  39 	  39 	  39.2 	  39.4 	  39.6 	  39.8 	  38.80
1969
	  35.6 	  35.8 	  36.1 	  36.3 	  36.4 	  36.6 	  36.8 	  37 	  37.1 	  37.3 	  37.5 	  37.7 	  36.70
1968
	  34.1 	  34.2 	  34.3 	  34.4 	  34.5 	  34.7 	  34.9 	  35 	  35.1 	  35.3 	  35.4 	  35.5 	  34.80
1967
	  32.9 	  32.9 	  33 	  33.1 	  33.2 	  33.3 	  33.4 	  33.5 	  33.6 	  33.7 	  33.8 	  33.9 	  33.40
1966
	  31.8 	  32 	  32.1 	  32.3 	  32.3 	  32.4 	  32.5 	  32.7 	  32.7 	  32.9 	  32.9 	  32.9 	  32.40
1965
	  31.2 	  31.2 	  31.3 	  31.4 	  31.4 	  31.6 	  31.6 	  31.6 	  31.6 	  31.7 	  31.7 	  31.8 	  31.50
1964
	  30.9 	  30.9 	  30.9 	  30.9 	  30.9 	  31 	  31.1 	  31 	  31.1 	  31.1 	  31.2 	  31.2 	  31.00
1963
	  30.4 	  30.4 	  30.5 	  30.5 	  30.5 	  30.6 	  30.7 	  30.7 	  30.7 	  30.8 	  30.8 	  30.9 	  30.60
1962
	  30 	  30.1 	  30.1 	  30.2 	  30.2 	  30.2 	  30.3 	  30.3 	  30.4 	  30.4 	  30.4 	  30.4 	  30.20
1961
	  29.8 	  29.8 	  29.8 	  29.8 	  29.8 	  29.8 	  30 	  29.9 	  30 	  30 	  30 	  30 	  29.90
1960
	  29.3 	  29.4 	  29.4 	  29.5 	  29.5 	  29.6 	  29.6 	  29.6 	  29.6 	  29.8 	  29.8 	  29.8 	  29.60
1959
	  29 	  28.9 	  28.9 	  29 	  29 	  29.1 	  29.2 	  29.2 	  29.3 	  29.4 	  29.4 	  29.4 	  29.10
1958
	  28.6 	  28.6 	  28.8 	  28.9 	  28.9 	  28.9 	  29 	  28.9 	  28.9 	  28.9 	  29 	  28.9 	  28.90
1957
	  27.6 	  27.7 	  27.8 	  27.9 	  28 	  28.1 	  28.3 	  28.3 	  28.3 	  28.3 	  28.4 	  28.4 	  28.10
1956
	  26.8 	  26.8 	  26.8 	  26.9 	  27 	  27.2 	  27.4 	  27.3 	  27.4 	  27.5 	  27.5 	  27.6 	  27.20
1955
	  26.7 	  26.7 	  26.7 	  26.7 	  26.7 	  26.7 	  26.8 	  26.8 	  26.9 	  26.9 	  26.9 	  26.8 	  26.80
1954
	  26.9 	  26.9 	  26.9 	  26.8 	  26.9 	  26.9 	  26.9 	  26.9 	  26.8 	  26.8 	  26.8 	  26.7 	  26.90
1953
	  26.6 	  26.5 	  26.6 	  26.6 	  26.7 	  26.8 	  26.8 	  26.9 	  26.9 	  27 	  26.9 	  26.9 	  26.70
1952
	  26.5 	  26.3 	  26.3 	  26.4 	  26.4 	  26.5 	  26.7 	  26.7 	  26.7 	  26.7 	  26.7 	  26.7 	  26.50
1951
	  25.4 	  25.7 	  25.8 	  25.8 	  25.9 	  25.9 	  25.9 	  25.9 	  26.1 	  26.2 	  26.4 	  26.5 	  26.00
1950
	  23.5 	  23.5 	  23.6 	  23.6 	  23.7 	  23.8 	  24.1 	  24.3 	  24.4 	  24.6 	  24.7 	  25 	  24.10
1949
	  24 	  23.8 	  23.8 	  23.9 	  23.8 	  23.9 	  23.7 	  23.8 	  23.9 	  23.7 	  23.8 	  23.6 	  23.80
1948
	  23.7 	  23.5 	  23.4 	  23.8 	  23.9 	  24.1 	  24.4 	  24.5 	  24.5 	  24.4 	  24.2 	  24.1 	  24.10
1947
	  21.5 	  21.5 	  21.9 	  21.9 	  21.9 	  22 	  22.2 	  22.5 	  23 	  23 	  23.1 	  23.4 	  22.30
1946
	  18.2 	  18.1 	  18.3 	  18.4 	  18.5 	  18.7 	  19.8 	  20.2 	  20.4 	  20.8 	  21.3 	  21.5 	  19.50
1945
	  17.8 	  17.8 	  17.8 	  17.8 	  17.9 	  18.1 	  18.1 	  18.1 	  18.1 	  18.1 	  18.1 	  18.2 	  18.00
1944
	  17.4 	  17.4 	  17.4 	  17.5 	  17.5 	  17.6 	  17.7 	  17.7 	  17.7 	  17.7 	  17.7 	  17.8 	  17.60
1943
	  16.9 	  16.9 	  17.2 	  17.4 	  17.5 	  17.5 	  17.4 	  17.3 	  17.4 	  17.4 	  17.4 	  17.4 	  17.30
1942
	  15.7 	  15.8 	  16 	  16.1 	  16.3 	  16.3 	  16.4 	  16.5 	  16.5 	  16.7 	  16.8 	  16.9 	  16.30
1941
	  14.1 	  14.1 	  14.2 	  14.3 	  14.4 	  14.7 	  14.7 	  14.9 	  15.1 	  15.3 	  15.4 	  15.5 	  14.70
1940
	  13.9 	  14 	  14 	  14 	  14 	  14.1 	  14 	  14 	  14 	  14 	  14 	  14.1 	  14.00
1939
	  14 	  13.9 	  13.9 	  13.8 	  13.8 	  13.8 	  13.8 	  13.8 	  14.1 	  14 	  14 	  14 	  13.90
1938
	  14.2 	  14.1 	  14.1 	  14.2 	  14.1 	  14.1 	  14.1 	  14.1 	  14.1 	  14 	  14 	  14 	  14.10
1937
	  14.1 	  14.1 	  14.2 	  14.3 	  14.4 	  14.4 	  14.5 	  14.5 	  14.6 	  14.6 	  14.5 	  14.4 	  14.40
1936
	  13.8 	  13.8 	  13.7 	  13.7 	  13.7 	  13.8 	  13.9 	  14 	  14 	  14 	  14 	  14 	  13.90
1935
	  13.6 	  13.7 	  13.7 	  13.8 	  13.8 	  13.7 	  13.7 	  13.7 	  13.7 	  13.7 	  13.8 	  13.8 	  13.70
1934
	  13.2 	  13.3 	  13.3 	  13.3 	  13.3 	  13.4 	  13.4 	  13.4 	  13.6 	  13.5 	  13.5 	  13.4 	  13.40
1933
	  12.9 	  12.7 	  12.6 	  12.6 	  12.6 	  12.7 	  13.1 	  13.2 	  13.2 	  13.2 	  13.2 	  13.2 	  13.00
1932
	  14.3 	  14.1 	  14 	  13.9 	  13.7 	  13.6 	  13.6 	  13.5 	  13.4 	  13.3 	  13.2 	  13.1 	  13.70
1931
	  15.9 	  15.7 	  15.6 	  15.5 	  15.3 	  15.1 	  15.1 	  15.1 	  15 	  14.9 	  14.7 	  14.6 	  15.20
1930
	  17.1 	  17 	  16.9 	  17 	  16.9 	  16.8 	  16.6 	  16.5 	  16.6 	  16.5 	  16.4 	  16.1 	  16.70
1929
	  17.1 	  17.1 	  17 	  16.9 	  17 	  17.1 	  17.3 	  17.3 	  17.3 	  17.3 	  17.3 	  17.2 	  17.10
1928
	  17.3 	  17.1 	  17.1 	  17.1 	  17.2 	  17.1 	  17.1 	  17.1 	  17.3 	  17.2 	  17.2 	  17.1 	  17.10
1927
	  17.5 	  17.4 	  17.3 	  17.3 	  17.4 	  17.6 	  17.3 	  17.2 	  17.3 	  17.4 	  17.3 	  17.3 	  17.40
1926
	  17.9 	  17.9 	  17.8 	  17.9 	  17.8 	  17.7 	  17.5 	  17.4 	  17.5 	  17.6 	  17.7 	  17.7 	  17.70
1925
	  17.3 	  17.2 	  17.3 	  17.2 	  17.3 	  17.5 	  17.7 	  17.7 	  17.7 	  17.7 	  18 	  17.9 	  17.50
1924
	  17.3 	  17.2 	  17.1 	  17 	  17 	  17 	  17.1 	  17 	  17.1 	  17.2 	  17.2 	  17.3 	  17.10
1923
	  16.8 	  16.8 	  16.8 	  16.9 	  16.9 	  17 	  17.2 	  17.1 	  17.2 	  17.3 	  17.3 	  17.3 	  17.10
1922
	  16.9 	  16.9 	  16.7 	  16.7 	  16.7 	  16.7 	  16.8 	  16.6 	  16.6 	  16.7 	  16.8 	  16.9 	  16.80
1921
	  19 	  18.4 	  18.3 	  18.1 	  17.7 	  17.6 	  17.7 	  17.7 	  17.5 	  17.5 	  17.4 	  17.3 	  17.90
1920
	  19.3 	  19.5 	  19.7 	  20.3 	  20.6 	  20.9 	  20.8 	  20.3 	  20 	  19.9 	  19.8 	  19.4 	  20.00
1919
	  16.5 	  16.2 	  16.4 	  16.7 	  16.9 	  16.9 	  17.4 	  17.7 	  17.8 	  18.1 	  18.5 	  18.9 	  17.30
1918
	  14 	  14.1 	  14 	  14.2 	  14.5 	  14.7 	  15.1 	  15.4 	  15.7 	  16 	  16.3 	  16.5 	  15.10
1917
	  11.7 	  12 	  12 	  12.6 	  12.8 	  13 	  12.8 	  13 	  13.3 	  13.5 	  13.5 	  13.7 	  12.80
1916
	  10.4 	  10.4 	  10.5 	  10.6 	  10.7 	  10.8 	  10.8 	  10.9 	  11.1 	  11.3 	  11.5 	  11.6 	  10.90
1915
	  10.1 	  10 	  9.9 	  10 	  10.1 	  10.1 	  10.1 	  10.1 	  10.1 	  10.2 	  10.3 	  10.3 	  10.10
1914
	  10 	  9.9 	  9.9 	  9.8 	  9.9 	  9.9 	  10 	  10.2 	  10.2 	  10.1 	  10.2 	  10.1 	  10.00
1913
	  9.8 	  9.8 	  9.8 	  9.8 	  9.7 	  9.8 	  9.9 	  9.9 	  10 	  10 	  10.1 	  10 	  9.90