// Same as on of Preusser's examples, but with values rounded to two decimal places

{{-0.44, -0.44, -0.44, -0.44, -0.44, -0.45, -0.48, -0.51, -0.52, -0.50, -0.49, -0.51, -0.55, -0.59, -0.60},
 {-0.45, -0.48, -0.50, -0.49, -0.47, -0.44, -0.44, -0.44, -0.41, -0.40, -0.43, -0.43, -0.47, -0.55, -0.59},
 {-0.52, -0.57, -0.60, -0.59, -0.56, -0.50, -0.44, -0.37, -0.33, -0.46, -0.56, -0.45, -0.36, -0.50, -0.58},
 {-0.59, -0.58, -0.53, -0.54, -0.59, -0.58, -0.47, -0.32, -0.33, -0.52, -0.35, -0.55, -0.47, -0.46, -0.57},
 {-0.58, -0.40, -0.20, -0.25, -0.47, -0.60, -0.51, -0.32, -0.35, -0.39,  0.23, -0.33, -0.55, -0.44, -0.56},
 {-0.52, -0.18,  0.14,  0.06, -0.31, -0.58, -0.54, -0.34, -0.33, -0.46, -0.10, -0.47, -0.53, -0.45, -0.56},
 {-0.52, -0.19,  0.12,  0.05, -0.32, -0.58, -0.55, -0.37, -0.28, -0.46, -0.55, -0.57, -0.45, -0.48, -0.58},
 {-0.58, -0.41, -0.23, -0.27, -0.49, -0.60, -0.53, -0.40, -0.31, -0.35, -0.43, -0.44, -0.45, -0.54, -0.59},
 {-0.59, -0.59, -0.54, -0.55, -0.60, -0.57, -0.49, -0.42, -0.40, -0.41, -0.43, -0.47, -0.53, -0.58, -0.60},
 {-0.52, -0.57, -0.59, -0.58, -0.55, -0.50, -0.44, -0.44, -0.48, -0.51, -0.53, -0.56, -0.58, -0.60, -0.60}}

// Same as the above, but signs inverted

{{ 0.44,  0.44,  0.44,  0.44,  0.44,  0.45,  0.48,  0.51,  0.52,  0.50,  0.49,  0.51,  0.55,  0.59,  0.60},
 { 0.45,  0.48,  0.50,  0.49,  0.47,  0.44,  0.44,  0.44,  0.41,  0.40,  0.43,  0.43,  0.47,  0.55,  0.59},
 { 0.52,  0.57,  0.60,  0.59,  0.56,  0.50,  0.44,  0.37,  0.33,  0.46,  0.56,  0.45,  0.36,  0.50,  0.58},
 { 0.59,  0.58,  0.53,  0.54,  0.59,  0.58,  0.47,  0.32,  0.33,  0.52,  0.35,  0.55,  0.47,  0.46,  0.57},
 { 0.58,  0.40,  0.20,  0.25,  0.47,  0.60,  0.51,  0.32,  0.35,  0.39, -0.23,  0.33,  0.55,  0.44,  0.56},
 { 0.52,  0.18, -0.14, -0.06,  0.31,  0.58,  0.54,  0.34,  0.33,  0.46,  0.10,  0.47,  0.53,  0.45,  0.56},
 { 0.52,  0.19, -0.12, -0.05,  0.32,  0.58,  0.55,  0.37,  0.28,  0.46,  0.55,  0.57,  0.45,  0.48,  0.58},
 { 0.58,  0.41,  0.23,  0.27,  0.49,  0.60,  0.53,  0.40,  0.31,  0.35,  0.43,  0.44,  0.45,  0.54,  0.59},
 { 0.59,  0.59,  0.54,  0.55,  0.60,  0.57,  0.49,  0.42,  0.40,  0.41,  0.43,  0.47,  0.53,  0.58,  0.60},
 { 0.52,  0.57,  0.59,  0.58,  0.55,  0.50,  0.44,  0.44,  0.48,  0.51,  0.53,  0.56,  0.58,  0.60,  0.60}}